# Made in Blockbench 4.5.2
mtllib materials.mtl

o base
v 0.5 0.125 0.5
v 0.5 0.125 -0.5
v 0.5 0 0.5
v 0.5 0 -0.5
v -0.5 0.125 -0.5
v -0.5 0.125 0.5
v -0.5 0 -0.5
v -0.5 0 0.5
vt 0 1
vt 1 1
vt 1 0.875
vt 0 0.875
vt 0 1
vt 1 1
vt 1 0.875
vt 0 0.875
vt 0 1
vt 1 1
vt 1 0.875
vt 0 0.875
vt 0 1
vt 1 1
vt 1 0.875
vt 0 0.875
vt 0 1
vt 1 1
vt 1 0
vt 0 0
vt 0 1
vt 1 1
vt 1 0
vt 0 0
vn 0 0 -1
vn 1 0 0
vn 0 0 1
vn -1 0 0
vn 0 1 0
vn 0 -1 0
usemtl m_12c38c1f-dae3-5b33-47af-1f7faffcc876
f 4/4/1 7/3/1 5/2/1 2/1/1
f 3/8/2 4/7/2 2/6/2 1/5/2
f 8/12/3 3/11/3 1/10/3 6/9/3
f 7/16/4 8/15/4 6/14/4 5/13/4
f 6/20/5 1/19/5 2/18/5 5/17/5
f 7/24/6 4/23/6 3/22/6 8/21/6
o cube
v 0 0.9785533905932737 0.3125
v 0 0.9785533905932737 -0.3125
v 0.4419417382415922 0.5366116523516817 0.3125
v 0.4419417382415922 0.5366116523516817 -0.3125
v -0.44194173824159216 0.5366116523516815 -0.3125
v -0.44194173824159216 0.5366116523516815 0.3125
v 1.1102230246251565e-16 0.09466991411008929 -0.3125
v 1.1102230246251565e-16 0.09466991411008929 0.3125
vt 0 1
vt 0.625 1
vt 0.625 0.375
vt 0 0.375
vt 0 1
vt 0.625 1
vt 0.625 0.375
vt 0 0.375
vt 0 1
vt 0.625 1
vt 0.625 0.375
vt 0 0.375
vt 0 1
vt 0.625 1
vt 0.625 0.375
vt 0 0.375
vt 0 1
vt 0.625 1
vt 0.625 0.375
vt 0 0.375
vt 0 1
vt 0.625 1
vt 0.625 0.375
vt 0 0.375
vn 0 0 -1
vn 0.7071067811865475 0.7071067811865476 0
vn 0 0 1
vn -0.7071067811865475 -0.7071067811865476 0
vn -0.7071067811865476 0.7071067811865475 0
vn 0.7071067811865476 -0.7071067811865475 0
usemtl m_0d65e8c5-8e1b-7ad0-9231-aa01218afbc7
f 12/28/7 15/27/7 13/26/7 10/25/7
f 11/32/8 12/31/8 10/30/8 9/29/8
f 16/36/9 11/35/9 9/34/9 14/33/9
f 15/40/10 16/39/10 14/38/10 13/37/10
f 14/44/11 9/43/11 10/42/11 13/41/11
f 15/48/12 12/47/12 11/46/12 16/45/12
o stand
v 0.25 0.4375 0.25
v 0.25 0.4375 -0.25
v 0.25 0 0.25
v 0.25 0 -0.25
v -0.25 0.4375 -0.25
v -0.25 0.4375 0.25
v -0.25 0 -0.25
v -0.25 0 0.25
vt 0 1
vt 0.5 1
vt 0.5 0.5625
vt 0 0.5625
vt 0 1
vt 0.5 1
vt 0.5 0.5625
vt 0 0.5625
vt 0 1
vt 0.5 1
vt 0.5 0.5625
vt 0 0.5625
vt 0 1
vt 0.5 1
vt 0.5 0.5625
vt 0 0.5625
vt 0 1
vt 0.5 1
vt 0.5 0.5
vt 0 0.5
vt 0 1
vt 0.5 1
vt 0.5 0.5
vt 0 0.5
vn 0 0 -1
vn 1 0 0
vn 0 0 1
vn -1 0 0
vn 0 1 0
vn 0 -1 0
usemtl m_12c38c1f-dae3-5b33-47af-1f7faffcc876
f 20/52/13 23/51/13 21/50/13 18/49/13
f 19/56/14 20/55/14 18/54/14 17/53/14
f 24/60/15 19/59/15 17/58/15 22/57/15
f 23/64/16 24/63/16 22/62/16 21/61/16
usemtl none
f 22/68/17 17/67/17 18/66/17 21/65/17
f 23/72/18 20/71/18 19/70/18 24/69/18
o cube
v 0.31250000000000044 0.9785533905932735 1.5543122344752192e-15
v -0.3124999999999996 0.978553390593274 2.220446049250313e-16
v 0.3125000000000009 0.5366116523516824 -0.44194173824159166
v -0.31249999999999906 0.5366116523516828 -0.441941738241593
v -0.31250000000000105 0.5366116523516808 0.4419417382415912
v 0.3124999999999989 0.5366116523516802 0.44194173824159266
v -0.3125000000000005 0.09466991411008963 -1.9984014443252818e-15
v 0.31249999999999956 0.09466991411008907 -6.106226635438361e-16
vt 0 1
vt 0.625 1
vt 0.625 0.375
vt 0 0.375
vt 0 1
vt 0.625 1
vt 0.625 0.375
vt 0 0.375
vt 0 1
vt 0.625 1
vt 0.625 0.375
vt 0 0.375
vt 0 1
vt 0.625 1
vt 0.625 0.375
vt 0 0.375
vt 0 1
vt 0.625 1
vt 0.625 0.375
vt 0 0.375
vt 0 1
vt 0.625 1
vt 0.625 0.375
vt 0 0.375
vn -1 9.420554752102705e-16 -2.1981294421572827e-15
vn 2.1981294421572827e-15 0.7071067811865492 -0.7071067811865458
vn 1 -9.420554752102705e-16 2.1981294421572827e-15
vn -2.1981294421572827e-15 -0.7071067811865492 0.7071067811865458
vn -9.420554752102707e-16 0.7071067811865458 0.7071067811865493
vn 9.420554752102707e-16 -0.7071067811865458 -0.7071067811865493
usemtl m_0d65e8c5-8e1b-7ad0-9231-aa01218afbc7
f 28/76/19 31/75/19 29/74/19 26/73/19
f 27/80/20 28/79/20 26/78/20 25/77/20
f 32/84/21 27/83/21 25/82/21 30/81/21
f 31/88/22 32/87/22 30/86/22 29/85/22
f 30/92/23 25/91/23 26/90/23 29/89/23
f 31/96/24 28/95/24 27/94/24 32/93/24
o cube
v -0.220970869120796 0.9785533905932737 0.2209708691207961
v 0.22097086912079622 0.9785533905932737 -0.220970869120796
v 0.09152913087920389 0.5366116523516815 0.5334708691207961
v 0.5334708691207961 0.5366116523516815 0.091529130879204
v -0.09152913087920378 0.5366116523516817 -0.5334708691207961
v -0.533470869120796 0.5366116523516817 -0.09152913087920389
v 0.2209708691207961 0.09466991411008929 -0.2209708691207961
v -0.2209708691207961 0.09466991411008929 0.2209708691207961
vt 0 1
vt 0.625 1
vt 0.625 0.375
vt 0 0.375
vt 0 1
vt 0.625 1
vt 0.625 0.375
vt 0 0.375
vt 0 1
vt 0.625 1
vt 0.625 0.375
vt 0 0.375
vt 0 1
vt 0.625 1
vt 0.625 0.375
vt 0 0.375
vt 0 1
vt 0.625 1
vt 0.625 0.375
vt 0 0.375
vt 0 1
vt 0.625 1
vt 0.625 0.375
vt 0 0.375
vn 0.7071067811865477 -2.7755575615628914e-17 -0.7071067811865475
vn 0.5000000000000001 0.7071067811865475 0.5000000000000001
vn -0.7071067811865477 2.7755575615628914e-17 0.7071067811865475
vn -0.5000000000000001 -0.7071067811865475 -0.5000000000000001
vn -0.4999999999999999 0.7071067811865476 -0.5
vn 0.4999999999999999 -0.7071067811865476 0.5
usemtl m_0d65e8c5-8e1b-7ad0-9231-aa01218afbc7
f 36/100/25 39/99/25 37/98/25 34/97/25
f 35/104/26 36/103/26 34/102/26 33/101/26
f 40/108/27 35/107/27 33/106/27 38/105/27
f 39/112/28 40/111/28 38/110/28 37/109/28
f 38/116/29 33/115/29 34/114/29 37/113/29
f 39/120/30 36/119/30 35/118/30 40/117/30
o cube
v -0.220970869120796 0.9785533905932737 0.2209708691207961
v 0.22097086912079622 0.9785533905932737 -0.220970869120796
v 0.09152913087920389 0.5366116523516815 0.5334708691207961
v 0.5334708691207961 0.5366116523516815 0.091529130879204
v -0.09152913087920378 0.5366116523516817 -0.5334708691207961
v -0.533470869120796 0.5366116523516817 -0.09152913087920389
v 0.2209708691207961 0.09466991411008929 -0.2209708691207961
v -0.2209708691207961 0.09466991411008929 0.2209708691207961
vt 0 1
vt 0.625 1
vt 0.625 0.375
vt 0 0.375
vt 0 1
vt 0.625 1
vt 0.625 0.375
vt 0 0.375
vt 0 1
vt 0.625 1
vt 0.625 0.375
vt 0 0.375
vt 0 1
vt 0.625 1
vt 0.625 0.375
vt 0 0.375
vt 0 1
vt 0.625 1
vt 0.625 0.375
vt 0 0.375
vt 0 1
vt 0.625 1
vt 0.625 0.375
vt 0 0.375
vn 0.7071067811865477 -2.7755575615628914e-17 -0.7071067811865475
vn 0.5000000000000001 0.7071067811865475 0.5000000000000001
vn -0.7071067811865477 2.7755575615628914e-17 0.7071067811865475
vn -0.5000000000000001 -0.7071067811865475 -0.5000000000000001
vn -0.4999999999999999 0.7071067811865476 -0.5
vn 0.4999999999999999 -0.7071067811865476 0.5
usemtl m_0d65e8c5-8e1b-7ad0-9231-aa01218afbc7
f 44/124/31 47/123/31 45/122/31 42/121/31
f 43/128/32 44/127/32 42/126/32 41/125/32
f 48/132/33 43/131/33 41/130/33 46/129/33
f 47/136/34 48/135/34 46/134/34 45/133/34
f 46/140/35 41/139/35 42/138/35 45/137/35
usemtl none
f 47/144/36 44/143/36 43/142/36 48/141/36
o cube
v 0.220970869120795 0.9785533905932733 0.22097086912079755
v -0.22097086912079583 0.9785533905932742 -0.2209708691207959
v 0.5334708691207961 0.5366116523516822 -0.09152913087920245
v 0.09152913087920533 0.5366116523516831 -0.533470869120796
v -0.5334708691207964 0.5366116523516808 0.09152913087920211
v -0.0915291308792055 0.5366116523516802 0.5334708691207957
v -0.22097086912079522 0.09466991411008974 -0.220970869120798
v 0.22097086912079567 0.09466991411008896 0.22097086912079544
vt 0 1
vt 0.625 1
vt 0.625 0.375
vt 0 0.375
vt 0 1
vt 0.625 1
vt 0.625 0.375
vt 0 0.375
vt 0 1
vt 0.625 1
vt 0.625 0.375
vt 0 0.375
vt 0 1
vt 0.625 1
vt 0.625 0.375
vt 0 0.375
vt 0 1
vt 0.625 1
vt 0.625 0.375
vt 0 0.375
vt 0 1
vt 0.625 1
vt 0.625 0.375
vt 0 0.375
vn -0.7071067811865456 1.1934897514720435e-15 -0.7071067811865496
vn 0.500000000000001 0.7071067811865491 -0.4999999999999969
vn 0.7071067811865456 -1.1934897514720435e-15 0.7071067811865496
vn -0.500000000000001 -0.7071067811865491 0.4999999999999969
vn -0.500000000000002 0.7071067811865459 0.5000000000000002
vn 0.500000000000002 -0.7071067811865459 -0.5000000000000002
usemtl m_0d65e8c5-8e1b-7ad0-9231-aa01218afbc7
f 52/148/37 55/147/37 53/146/37 50/145/37
f 51/152/38 52/151/38 50/150/38 49/149/38
f 56/156/39 51/155/39 49/154/39 54/153/39
f 55/160/40 56/159/40 54/158/40 53/157/40
f 54/164/41 49/163/41 50/162/41 53/161/41
f 55/168/42 52/167/42 51/166/42 56/165/42